header: 
  seq: 131
  stamp: 
    secs: 1302
    nsecs: 860000000
  frame_id: "husky1_tf/front_laser"
angle_min: -2.3561899662017822
angle_max: 2.3561899662017822
angle_increment: 0.006554075051099062
time_increment: 0.0
scan_time: 0.0
range_min: 0.10000000149011612
range_max: 30.0
ranges: [1.7870150804519653, 1.7900835275650024, 1.7895712852478027, 1.7902750968933105, 1.7889751195907593, 1.7901582717895508, 1.7894847393035889, 1.7928978204727173, 13.252374649047852, 13.175124168395996, 13.100136756896973, 13.024749755859375, 12.950286865234375, 12.8806734085083, 12.80862045288086, 12.741576194763184, 12.671778678894043, 12.605086326599121, 12.541915893554688, 12.476639747619629, 12.413808822631836, 12.350395202636719, 12.291850090026855, 12.23105525970459, 12.17243766784668, 12.113378524780273, 12.06006908416748, 12.002209663391113, 11.948702812194824, 11.896613121032715, 11.844032287597656, 11.79218864440918, 11.741090774536133, 11.690998077392578, 11.749191284179688, 11.871850967407227, inf, inf, inf, inf, inf, inf, inf, inf, inf, 11.164815902709961, 11.125203132629395, 11.087799072265625, 11.051671981811523, 11.014491081237793, 10.978342056274414, 10.944314002990723, 10.909685134887695, 10.874312400817871, 10.841512680053711, 10.809343338012695, 10.77987003326416, 10.74499225616455, 10.715269088745117, 10.686423301696777, 10.65679931640625, 10.62915325164795, 10.600075721740723, 10.57413387298584, 10.546956062316895, 10.519536972045898, 10.494322776794434, 10.469035148620605, 8.771489143371582, 8.764372825622559, 8.75337028503418, 8.745372772216797, 8.73947811126709, 8.731767654418945, 8.726048469543457, 8.71951675415039, 8.712414741516113, 8.709856033325195, 8.702042579650879, 8.699064254760742, 8.693394660949707, 8.689101219177246, 8.686347961425781, 8.682717323303223, 8.679265022277832, 8.676465034484863, 8.674140930175781, 8.674874305725098, 8.671396255493164, 8.67271614074707, 8.670821189880371, 8.671732902526855, 8.670143127441406, 8.671499252319336, 9.991507530212402, 9.979750633239746, 9.969988822937012, 9.958130836486816, 9.948379516601562, 9.940780639648438, 9.930376052856445, inf, inf, inf, inf, inf, inf, inf, inf, inf, inf, inf, inf, inf, inf, 9.851190567016602, 9.851977348327637, 9.847166061401367, 9.846302032470703, 9.845681190490723, 9.848392486572266, 9.846234321594238, 9.845600128173828, 9.848450660705566, 9.84992504119873, 9.852638244628906, 9.852712631225586, 9.858288764953613, 9.860365867614746, 9.86544418334961, 9.869218826293945, 9.873336791992188, 9.877071380615234, 9.885546684265137, 9.889457702636719, 9.896272659301758, 9.903033256530762, 9.909730911254883, 9.918147087097168, 9.923537254333496, 9.932701110839844, 9.94301700592041, 9.951841354370117, 9.960905075073242, 9.971861839294434, 9.982001304626465, 9.99397087097168, 10.004944801330566, 10.016478538513184, 10.027458190917969, 10.042252540588379, 10.05648136138916, 10.06879997253418, 10.0842924118042, 10.096161842346191, 10.114736557006836, 10.130956649780273, 10.145265579223633, 10.162063598632812, 10.180066108703613, 10.19796085357666, 10.215595245361328, 10.23466968536377, 10.25377082824707, 10.274396896362305, 10.295029640197754, 10.313621520996094, 10.336185455322266, 10.357656478881836, 7.383223533630371, 7.305065155029297, 7.258516788482666, 7.230872631072998, 7.217682838439941, 7.209226608276367, 7.20653772354126, 7.217628002166748, 7.2388458251953125, 7.266880989074707, 7.315587043762207, 7.421626567840576, inf, inf, inf, inf, inf, inf, 7.734909534454346, 7.6762614250183105, 7.639769077301025, 7.617283344268799, 7.606556415557861, 7.609011650085449, 7.617756366729736, 7.634024143218994, 7.6650543212890625, 7.7191362380981445, 7.840495586395264, 11.29700756072998, 11.337148666381836, 11.379476547241211, 11.422945022583008, 11.468694686889648, 8.31470012664795, 8.192171096801758, 8.136985778808594, 8.107093811035156, 4.7977142333984375, 4.743773937225342, 4.719515800476074, 4.714202880859375, 4.7139458656311035, 4.72391414642334, 4.748132705688477, 4.823400020599365, 12.128742218017578, 12.186370849609375, 12.243929862976074, 12.305390357971191, 12.365754127502441, 8.889723777770996, 8.821017265319824, 8.78268051147461, 8.760086059570312, 8.752293586730957, 8.758491516113281, 8.774210929870605, 8.809123039245605, 8.866873741149902, 13.042874336242676, 13.116808891296387, 13.192206382751465, 13.271607398986816, 13.351818084716797, 13.430176734924316, inf, 8.479076385498047, 8.375802993774414, 8.327895164489746, 8.296387672424316, 8.283173561096191, 8.281641006469727, 8.28639030456543, 8.304134368896484, 8.338541984558105, 8.3975830078125, 12.266690254211426, 12.21056842803955, 12.155860900878906, 12.10092830657959, 7.892544746398926, 7.753973960876465, 7.70079231262207, 7.666382789611816, 7.647414684295654, 7.641490459442139, 7.642214775085449, 7.648686408996582, 7.672119140625, 7.705801486968994, 7.765737056732178, 11.527215957641602, 11.484034538269043, 11.441765785217285, 11.400225639343262, 11.362496376037598, 11.321996688842773, 7.263402462005615, 7.182134628295898, 7.138946056365967, 7.113373756408691, 7.096964359283447, 7.087337970733643, 7.087504863739014, 7.097311973571777, 7.112820625305176, 7.144449710845947, 7.187412738800049, 7.272011756896973, 10.876917839050293, 10.846578598022461, 10.819283485412598, 10.790125846862793, 10.763233184814453, 10.735815048217773, 10.710217475891113, 10.893179893493652, inf, inf, inf, inf, inf, inf, inf, inf, 10.539690017700195, 10.495549201965332, 10.452404975891113, 10.41065502166748, 10.368083000183105, 10.327195167541504, 10.285942077636719, 10.250449180603027, 10.211085319519043, 10.171006202697754, 10.135046005249023, 10.09733772277832, 10.06237506866455, 10.025716781616211, 9.993185997009277, 9.958208084106445, 9.92552375793457, 9.893669128417969, 9.862335205078125, 9.82973861694336, 9.801331520080566, 9.767439842224121, 9.738740921020508, 9.712039947509766, 9.681374549865723, 9.654828071594238, 9.627765655517578, 9.600903511047363, 9.576812744140625, 9.550066947937012, 9.525344848632812, 9.502154350280762, 9.476387977600098, 9.454421043395996, 9.43062686920166, 9.410344123840332, 9.386075973510742, 9.365307807922363, 9.344703674316406, 9.322779655456543, 9.304403305053711, 9.28383731842041, 9.266961097717285, 9.247945785522461, 9.231019020080566, 9.212491989135742, 9.195267677307129, 9.178789138793945, 9.16331958770752, 9.1453275680542, 9.132713317871094, 9.117252349853516, 9.104715347290039, 9.08906078338623, 9.076241493225098, 9.064035415649414, 9.051212310791016, 9.038552284240723, 9.026403427124023, 9.19446086883545, inf, inf, inf, 6.598252773284912, 6.388512134552002, 6.380158424377441, 6.598521709442139, inf, inf, 9.605568885803223, 9.60814380645752, 9.609736442565918, 9.612457275390625, 9.618414878845215, 9.624003410339355, 9.628525733947754, 9.633203506469727, 9.637606620788574, 9.644353866577148, 9.650212287902832, 9.658616065979004, 9.665424346923828, 9.674370765686035, 9.682844161987305, 9.689069747924805, 9.69775104522705, 9.70709228515625, 9.717852592468262, 9.727275848388672, 9.738445281982422, 9.750863075256348, 9.762734413146973, 9.773937225341797, 9.786636352539062, 9.79896354675293, 9.813307762145996, 9.827338218688965, 9.839837074279785, 9.855795860290527, 9.870777130126953, 9.886781692504883, 9.903624534606934, 9.919598579406738, 9.93843936920166, 9.956353187561035, 9.973422050476074, 9.994741439819336, 10.012883186340332, 10.032453536987305, 10.050745964050293, 7.890645980834961, 7.864495277404785, 7.867898941040039, 7.899814128875732, 10.160628318786621, 10.18376636505127, 10.208539962768555, 10.234367370605469, 10.259159088134766, 10.283727645874023, 10.309228897094727, 10.337540626525879, 10.3653564453125, 10.393343925476074, 10.422246932983398, 10.449578285217285, 10.480586051940918, 10.510086059570312, 10.542092323303223, inf, inf, 11.119955062866211, 11.005282402038574, 11.025287628173828, 11.045816421508789, 11.06712532043457, 11.09012508392334, 11.110527038574219, 11.134737014770508, 11.159564971923828, 11.1832857131958, 11.208189010620117, 11.232280731201172, 11.259029388427734, 11.28648567199707, 11.313126564025879, 11.340571403503418, 11.370073318481445, 11.397958755493164, 11.430286407470703, 11.459285736083984, 11.490199089050293, 11.521681785583496, 11.554736137390137, 11.589508056640625, 11.62049674987793, 11.656553268432617, 11.69033145904541, 11.728660583496094, 11.764606475830078, 11.801379203796387, 11.839333534240723, 11.878287315368652, 11.91794204711914, 11.958416938781738, 12.000104904174805, 12.042072296142578, 12.086021423339844, 12.129436492919922, 12.176596641540527, 12.219034194946289, 12.26639175415039, 12.311646461486816, 12.363043785095215, 12.409466743469238, 12.460201263427734, 12.510509490966797, 12.562564849853516, 12.61343765258789, 12.670835494995117, inf, inf, inf, inf, inf, inf, 13.77984619140625, 13.69301986694336, 13.608026504516602, 13.523232460021973, 13.438056945800781, 13.360297203063965, 13.280579566955566, 13.202223777770996, 13.124775886535645, 13.050187110900879, 12.977347373962402, 12.903020858764648, 12.83389949798584, 12.76148796081543, 12.69579792022705, 12.626435279846191, 12.561737060546875, 12.49815845489502, 12.435506820678711, 12.371747016906738, 12.30905532836914, 12.251692771911621, 12.193689346313477, 12.136537551879883, 12.074512481689453, 4.832461357116699, 4.768710613250732, 4.706950664520264, 4.6446356773376465, 4.586977958679199, 4.527598857879639, 4.473746299743652, 4.418724060058594, 4.365296840667725, 4.3158769607543945, 4.264636516571045, 4.216251373291016, 4.16790246963501, 4.121943950653076, 4.077124118804932, 4.056247711181641, 4.071889877319336, 4.08662223815918, 4.104097843170166, 4.123478412628174, 4.139140605926514, 4.158152103424072, 4.177807331085205, 4.194655895233154, 4.216258525848389, 4.234635353088379, 4.252989768981934, 4.272222518920898, 4.293985843658447, 4.315003395080566, 4.336789131164551, 4.356875896453857, 4.3804450035095215, 4.402578353881836, 4.426294803619385, 4.449866771697998, 4.474572658538818, 4.497292995452881, 4.52302360534668, 4.547741413116455, 4.574413299560547, 4.5997090339660645, 4.625079154968262, 4.650569915771484, 4.6812944412231445, 4.706921100616455, 4.7389936447143555, 4.76614236831665, 4.795828342437744, 4.828066825866699, 4.857687950134277, 4.88905668258667, 4.922167778015137, 4.954621315002441, 4.988147735595703, 10.163891792297363, 10.14832592010498, 10.13200855255127, 10.114933013916016, 10.100263595581055, 10.08298397064209, 10.069597244262695, 10.057733535766602, 10.043817520141602, 10.030966758728027, 10.018197059631348, 10.005434036254883, 9.99297046661377, 9.982684135437012, 9.971941947937012, 9.961955070495605, 9.951769828796387, 9.943866729736328, 9.934122085571289, 9.92509651184082, 9.917740821838379, 9.911865234375, 9.90333080291748, 9.896727561950684, 9.888583183288574, 9.88471508026123, 9.879332542419434, 9.874077796936035, 9.941264152526855, inf, inf, inf, inf, inf, inf, inf, inf, inf, inf, inf, inf, inf, inf, 9.851384162902832, 9.852401733398438, 9.856922149658203, 9.861879348754883, 9.86092472076416, 9.867350578308105, 9.869986534118652, 9.875905990600586, 9.88222599029541, 9.88725471496582, 9.892608642578125, 9.901427268981934, 9.908167839050293, 9.914848327636719, 9.922191619873047, 9.929975509643555, 9.938838958740234, 9.945356369018555, 9.957296371459961, 9.967721939086914, 9.978464126586914, 9.990193367004395, 9.99992561340332, 10.01311206817627, 10.025060653686523, 10.037555694580078, 10.051774978637695, 10.066726684570312, 10.0770263671875, 6.7017340660095215, 6.5828657150268555, 6.5324907302856445, 6.497241497039795, 6.481104373931885, 6.467135906219482, 6.461913585662842, 6.462176322937012, 6.466766834259033, 6.482988357543945, 6.508130073547363, 6.543330669403076, 6.600706100463867, 10.328150749206543, 10.351411819458008, 10.37154769897461, 10.395224571228027, 10.417223930358887, 10.442233085632324, 10.467424392700195, 10.491015434265137, 10.517141342163086, 10.541618347167969, 10.572552680969238, 10.598020553588867, 10.626829147338867, 10.654535293579102, 10.683059692382812, 10.713724136352539, 10.742955207824707, inf, inf, inf, inf, inf, inf, inf, inf, inf, 7.3369245529174805, 7.28482723236084, 7.270691394805908, 7.279848575592041, 7.315581798553467, 11.28350830078125, 11.322854995727539, 11.366528511047363, 11.40921688079834, 11.452436447143555, 11.498942375183105, 11.54310417175293, 11.590204238891602, 11.638004302978516, 11.686470985412598, 11.737089157104492, 11.78735065460205, 11.837403297424316, 11.88858413696289, 11.944766998291016, 11.997093200683594, 12.053972244262695, 12.108202934265137, 12.166287422180176, 12.223661422729492, 12.286011695861816, 12.345501899719238, 12.40625, 12.4700345993042, 12.53330135345459, 12.599552154541016, 12.665468215942383, 12.733699798583984, 12.80246353149414, 12.873992919921875, 12.944615364074707, 13.016609191894531, 13.089750289916992, 13.169883728027344, 13.24582576751709, 13.324579238891602, 13.404738426208496, 13.486489295959473, inf, inf, inf, inf, inf]
intensities: [0.0, 0.0, 0.0, 0.0, 0.0, 0.0, 0.0, 0.0, 0.0, 0.0, 0.0, 0.0, 0.0, 0.0, 0.0, 0.0, 0.0, 0.0, 0.0, 0.0, 0.0, 0.0, 0.0, 0.0, 0.0, 0.0, 0.0, 0.0, 0.0, 0.0, 0.0, 0.0, 0.0, 0.0, 0.0, 0.0, 0.0, 0.0, 0.0, 0.0, 0.0, 0.0, 0.0, 0.0, 0.0, 0.0, 0.0, 0.0, 0.0, 0.0, 0.0, 0.0, 0.0, 0.0, 0.0, 0.0, 0.0, 0.0, 0.0, 0.0, 0.0, 0.0, 0.0, 0.0, 0.0, 0.0, 0.0, 0.0, 0.0, 0.0, 0.0, 0.0, 0.0, 0.0, 0.0, 0.0, 0.0, 0.0, 0.0, 0.0, 0.0, 0.0, 0.0, 0.0, 0.0, 0.0, 0.0, 0.0, 0.0, 0.0, 0.0, 0.0, 0.0, 0.0, 0.0, 0.0, 0.0, 0.0, 0.0, 0.0, 0.0, 0.0, 0.0, 0.0, 0.0, 0.0, 0.0, 0.0, 0.0, 0.0, 0.0, 0.0, 0.0, 0.0, 0.0, 0.0, 0.0, 0.0, 0.0, 0.0, 0.0, 0.0, 0.0, 0.0, 0.0, 0.0, 0.0, 0.0, 0.0, 0.0, 0.0, 0.0, 0.0, 0.0, 0.0, 0.0, 0.0, 0.0, 0.0, 0.0, 0.0, 0.0, 0.0, 0.0, 0.0, 0.0, 0.0, 0.0, 0.0, 0.0, 0.0, 0.0, 0.0, 0.0, 0.0, 0.0, 0.0, 0.0, 0.0, 0.0, 0.0, 0.0, 0.0, 0.0, 0.0, 0.0, 0.0, 0.0, 0.0, 0.0, 0.0, 0.0, 0.0, 0.0, 0.0, 0.0, 0.0, 0.0, 0.0, 0.0, 0.0, 0.0, 0.0, 0.0, 0.0, 0.0, 0.0, 0.0, 0.0, 0.0, 0.0, 0.0, 0.0, 0.0, 0.0, 0.0, 0.0, 0.0, 0.0, 0.0, 0.0, 0.0, 0.0, 0.0, 0.0, 0.0, 0.0, 0.0, 0.0, 0.0, 0.0, 0.0, 0.0, 0.0, 0.0, 0.0, 0.0, 0.0, 0.0, 0.0, 0.0, 0.0, 0.0, 0.0, 0.0, 0.0, 0.0, 0.0, 0.0, 0.0, 0.0, 0.0, 0.0, 0.0, 0.0, 0.0, 0.0, 0.0, 0.0, 0.0, 0.0, 0.0, 0.0, 0.0, 0.0, 0.0, 0.0, 0.0, 0.0, 0.0, 0.0, 0.0, 0.0, 0.0, 0.0, 0.0, 0.0, 0.0, 0.0, 0.0, 0.0, 0.0, 0.0, 0.0, 0.0, 0.0, 0.0, 0.0, 0.0, 0.0, 0.0, 0.0, 0.0, 0.0, 0.0, 0.0, 0.0, 0.0, 0.0, 0.0, 0.0, 0.0, 0.0, 0.0, 0.0, 0.0, 0.0, 0.0, 0.0, 0.0, 0.0, 0.0, 0.0, 0.0, 0.0, 0.0, 0.0, 0.0, 0.0, 0.0, 0.0, 0.0, 0.0, 0.0, 0.0, 0.0, 0.0, 0.0, 0.0, 0.0, 0.0, 0.0, 0.0, 0.0, 0.0, 0.0, 0.0, 0.0, 0.0, 0.0, 0.0, 0.0, 0.0, 0.0, 0.0, 0.0, 0.0, 0.0, 0.0, 0.0, 0.0, 0.0, 0.0, 0.0, 0.0, 0.0, 0.0, 0.0, 0.0, 0.0, 0.0, 0.0, 0.0, 0.0, 0.0, 0.0, 0.0, 0.0, 0.0, 0.0, 0.0, 0.0, 0.0, 0.0, 0.0, 0.0, 0.0, 0.0, 0.0, 0.0, 0.0, 0.0, 0.0, 0.0, 0.0, 0.0, 0.0, 0.0, 0.0, 0.0, 0.0, 0.0, 0.0, 0.0, 0.0, 0.0, 0.0, 0.0, 0.0, 0.0, 0.0, 0.0, 0.0, 0.0, 0.0, 0.0, 0.0, 0.0, 0.0, 0.0, 0.0, 0.0, 0.0, 0.0, 0.0, 0.0, 0.0, 0.0, 0.0, 0.0, 0.0, 0.0, 0.0, 0.0, 0.0, 0.0, 0.0, 0.0, 0.0, 0.0, 0.0, 0.0, 0.0, 0.0, 0.0, 0.0, 0.0, 0.0, 0.0, 0.0, 0.0, 0.0, 0.0, 0.0, 0.0, 0.0, 0.0, 0.0, 0.0, 0.0, 0.0, 0.0, 0.0, 0.0, 0.0, 0.0, 0.0, 0.0, 0.0, 0.0, 0.0, 0.0, 0.0, 0.0, 0.0, 0.0, 0.0, 0.0, 0.0, 0.0, 0.0, 0.0, 0.0, 0.0, 0.0, 0.0, 0.0, 0.0, 0.0, 0.0, 0.0, 0.0, 0.0, 0.0, 0.0, 0.0, 0.0, 0.0, 0.0, 0.0, 0.0, 0.0, 0.0, 0.0, 0.0, 0.0, 0.0, 0.0, 0.0, 0.0, 0.0, 0.0, 0.0, 0.0, 0.0, 0.0, 0.0, 0.0, 0.0, 0.0, 0.0, 0.0, 0.0, 0.0, 0.0, 0.0, 0.0, 0.0, 0.0, 0.0, 0.0, 0.0, 0.0, 0.0, 0.0, 0.0, 0.0, 0.0, 0.0, 0.0, 0.0, 0.0, 0.0, 0.0, 0.0, 0.0, 0.0, 0.0, 0.0, 0.0, 0.0, 0.0, 0.0, 0.0, 0.0, 0.0, 0.0, 0.0, 0.0, 0.0, 0.0, 0.0, 0.0, 0.0, 0.0, 0.0, 0.0, 0.0, 0.0, 0.0, 0.0, 0.0, 0.0, 0.0, 0.0, 0.0, 0.0, 0.0, 0.0, 0.0, 0.0, 0.0, 0.0, 0.0, 0.0, 0.0, 0.0, 0.0, 0.0, 0.0, 0.0, 0.0, 0.0, 0.0, 0.0, 0.0, 0.0, 0.0, 0.0, 0.0, 0.0, 0.0, 0.0, 0.0, 0.0, 0.0, 0.0, 0.0, 0.0, 0.0, 0.0, 0.0, 0.0, 0.0, 0.0, 0.0, 0.0, 0.0, 0.0, 0.0, 0.0, 0.0, 0.0, 0.0, 0.0, 0.0, 0.0, 0.0, 0.0, 0.0, 0.0, 0.0, 0.0, 0.0, 0.0, 0.0, 0.0, 0.0, 0.0, 0.0, 0.0, 0.0, 0.0, 0.0, 0.0, 0.0, 0.0, 0.0, 0.0, 0.0, 0.0, 0.0, 0.0, 0.0, 0.0, 0.0, 0.0, 0.0, 0.0, 0.0, 0.0, 0.0, 0.0, 0.0, 0.0, 0.0, 0.0, 0.0, 0.0, 0.0, 0.0, 0.0, 0.0, 0.0, 0.0, 0.0, 0.0, 0.0, 0.0, 0.0, 0.0, 0.0, 0.0, 0.0, 0.0, 0.0, 0.0, 0.0, 0.0, 0.0, 0.0, 0.0, 0.0, 0.0, 0.0, 0.0, 0.0, 0.0, 0.0, 0.0, 0.0, 0.0, 0.0, 0.0, 0.0, 0.0, 0.0, 0.0, 0.0, 0.0, 0.0, 0.0, 0.0, 0.0, 0.0, 0.0, 0.0, 0.0, 0.0, 0.0, 0.0, 0.0, 0.0, 0.0, 0.0, 0.0, 0.0, 0.0, 0.0, 0.0, 0.0, 0.0, 0.0, 0.0, 0.0, 0.0, 0.0, 0.0, 0.0, 0.0, 0.0, 0.0, 0.0, 0.0, 0.0, 0.0, 0.0, 0.0, 0.0, 0.0]
---
header: 
  seq: 132
  stamp: 
    secs: 1302
    nsecs: 880000000
  frame_id: "husky1_tf/front_laser"
angle_min: -2.3561899662017822
angle_max: 2.3561899662017822
angle_increment: 0.006554075051099062
time_increment: 0.0
scan_time: 0.0
range_min: 0.10000000149011612
range_max: 30.0
ranges: [1.7875149250030518, 1.7895588874816895, 1.7879011631011963, 1.7895147800445557, 1.7888617515563965, 1.7885103225708008, 1.790817141532898, 1.7899951934814453, 13.252870559692383, 13.176504135131836, 13.100090026855469, 13.023514747619629, 12.950881958007812, 12.881007194519043, 12.80768871307373, 12.741300582885742, 12.67266845703125, 12.606241226196289, 12.540042877197266, 12.475834846496582, 12.4142427444458, 12.352335929870605, 12.291330337524414, 12.231157302856445, 12.17361831665039, 12.115135192871094, 12.058095932006836, 12.002494812011719, 11.948166847229004, 11.896086692810059, 11.841377258300781, 11.79124641418457, 11.742284774780273, 11.692695617675781, 11.748183250427246, 11.871553421020508, inf, inf, inf, inf, inf, inf, inf, inf, inf, 11.165396690368652, 11.125617980957031, 11.088425636291504, 11.05213737487793, 11.014378547668457, 10.979839324951172, 10.942328453063965, 10.906281471252441, 10.874658584594727, 10.843491554260254, 10.810745239257812, 10.77773380279541, 10.747178077697754, 10.715445518493652, 10.685993194580078, 10.65764331817627, 10.62723445892334, 10.59992504119873, 10.572726249694824, 10.546916961669922, 10.520495414733887, 10.49454116821289, 10.47036075592041, 8.770461082458496, 8.761282920837402, 8.754637718200684, 8.747415542602539, 8.73975658416748, 8.73153305053711, 8.72486686706543, 8.718182563781738, 8.7138090133667, 8.708892822265625, 8.702451705932617, 8.698286056518555, 8.692359924316406, 8.690668106079102, 8.686247825622559, 8.681408882141113, 8.680051803588867, 8.67764949798584, 8.675007820129395, 8.672327041625977, 8.672701835632324, 8.671309471130371, 8.668927192687988, 8.671915054321289, 8.671975135803223, 8.671036720275879, 9.989749908447266, 9.977052688598633, 9.968755722045898, 9.958497047424316, 9.948647499084473, 9.93869400024414, 9.930340766906738, inf, inf, inf, inf, inf, inf, inf, inf, inf, inf, inf, inf, inf, inf, 9.852767944335938, 9.850476264953613, 9.84926700592041, 9.84961223602295, 9.845961570739746, 9.846452713012695, 9.846803665161133, 9.849356651306152, 9.84868335723877, 9.851160049438477, 9.853275299072266, 9.855705261230469, 9.857158660888672, 9.862066268920898, 9.862725257873535, 9.867400169372559, 9.873433113098145, 9.877851486206055, 9.882404327392578, 9.887590408325195, 9.895101547241211, 9.902623176574707, 9.909833908081055, 9.919331550598145, 9.925675392150879, 9.933637619018555, 9.941807746887207, 9.951316833496094, 9.961617469787598, 9.969758033752441, 9.979336738586426, 9.993237495422363, 10.005654335021973, 10.017003059387207, 10.029580116271973, 10.041069030761719, 10.054579734802246, 10.069611549377441, 10.084311485290527, 10.09729290008545, 10.113824844360352, 10.130189895629883, 10.144021034240723, 10.161149978637695, 10.179758071899414, 10.197587966918945, 10.214600563049316, 10.23344612121582, 10.2548189163208, 10.273216247558594, 10.292762756347656, 10.315391540527344, 10.336161613464355, 10.359179496765137, 7.384451389312744, 7.306459426879883, 7.260327339172363, 7.2314629554748535, 7.217451095581055, 7.208695888519287, 7.208716869354248, 7.218173980712891, 7.238514423370361, 7.266278266906738, 7.315547466278076, 7.421012878417969, inf, inf, inf, inf, inf, inf, 7.734012603759766, 7.6767988204956055, 7.641117095947266, 7.617713451385498, 7.608119010925293, 7.608283996582031, 7.6173787117004395, 7.633273601531982, 7.6677374839782715, 7.718142032623291, 7.840794086456299, 11.298181533813477, 11.338275909423828, 11.380146026611328, 11.422099113464355, 11.467958450317383, 8.314556121826172, 8.189643859863281, 8.141282081604004, 8.109028816223145, 4.797671318054199, 4.743009567260742, 4.719263076782227, 4.715507507324219, 4.712638854980469, 4.72231912612915, 4.74730110168457, 4.824408531188965, 12.129183769226074, 12.184066772460938, 12.244935035705566, 12.303654670715332, 12.365599632263184, 8.889394760131836, 8.820544242858887, 8.782678604125977, 8.758352279663086, 8.753361701965332, 8.758007049560547, 8.77365779876709, 8.810157775878906, 8.869157791137695, 13.043004989624023, 13.11640739440918, 13.19448471069336, 13.271199226379395, 13.351041793823242, 13.432920455932617, inf, 8.477352142333984, 8.377103805541992, 8.328947067260742, 8.296704292297363, 8.283656120300293, 8.28258228302002, 8.28752326965332, 8.30698013305664, 8.339374542236328, 8.400009155273438, 12.26582145690918, 12.213045120239258, 12.155916213989258, 12.10058879852295, 7.895198345184326, 7.7549662590026855, 7.700202465057373, 7.666001796722412, 7.647360801696777, 7.639549255371094, 7.640750885009766, 7.650397777557373, 7.670735836029053, 7.706380367279053, 7.764183521270752, 11.525257110595703, 11.4830904006958, 11.442179679870605, 11.401309967041016, 11.361577033996582, 11.323932647705078, 7.2626519203186035, 7.179996013641357, 7.139615058898926, 7.114749431610107, 7.093332767486572, 7.088436603546143, 7.090322971343994, 7.095212459564209, 7.113447666168213, 7.144713401794434, 7.188474178314209, 7.27213191986084, 10.876531600952148, 10.847949981689453, 10.819916725158691, 10.790324211120605, 10.763626098632812, 10.734541893005371, 10.70831298828125, 10.891528129577637, inf, inf, inf, inf, inf, inf, inf, inf, 10.540327072143555, 10.496596336364746, 10.452723503112793, 10.412178039550781, 10.369203567504883, 10.329280853271484, 10.28763198852539, 10.248468399047852, 10.20973014831543, 10.170711517333984, 10.134865760803223, 10.098380088806152, 10.063258171081543, 10.027447700500488, 9.994087219238281, 9.958316802978516, 9.92625617980957, 9.893610000610352, 9.860139846801758, 9.829914093017578, 9.799766540527344, 9.768745422363281, 9.740242958068848, 9.711575508117676, 9.680201530456543, 9.654120445251465, 9.62914752960205, 9.601699829101562, 9.575477600097656, 9.5495023727417, 9.524674415588379, 9.502876281738281, 9.477988243103027, 9.454005241394043, 9.428738594055176, 9.409619331359863, 9.386594772338867, 9.36678409576416, 9.344886779785156, 9.322453498840332, 9.303683280944824, 9.287827491760254, 9.266218185424805, 9.24770736694336, 9.22903823852539, 9.212652206420898, 9.19663143157959, 9.178996086120605, 9.163311958312988, 9.14772891998291, 9.132669448852539, 9.120803833007812, 9.10340404510498, 9.088850975036621, 9.076050758361816, 9.061625480651855, 9.049921035766602, 9.040172576904297, 9.027005195617676, 9.193999290466309, inf, inf, inf, 6.5969038009643555, 6.387477397918701, 6.383272171020508, 6.597415447235107, inf, inf, 9.60506820678711, 9.605658531188965, 9.612289428710938, 9.613792419433594, 9.619964599609375, 9.623326301574707, 9.627095222473145, 9.631024360656738, 9.637625694274902, 9.64497184753418, 9.649920463562012, 9.6575927734375, 9.664209365844727, 9.672449111938477, 9.68159008026123, 9.688405990600586, 9.699437141418457, 9.710023880004883, 9.717584609985352, 9.72716236114502, 9.738096237182617, 9.749317169189453, 9.762815475463867, 9.775020599365234, 9.78629207611084, 9.798778533935547, 9.814445495605469, 9.829014778137207, 9.841595649719238, 9.857348442077637, 9.874024391174316, 9.887883186340332, 9.902950286865234, 9.922120094299316, 9.937386512756348, 9.957186698913574, 9.97517204284668, 9.992305755615234, 10.01223373413086, 10.030513763427734, 10.052140235900879, 7.8928751945495605, 7.8680009841918945, 7.869000434875488, 7.899747848510742, 10.160282135009766, 10.183612823486328, 10.210014343261719, 10.233174324035645, 10.25842571258545, 10.281460762023926, 10.310901641845703, 10.338513374328613, 10.364578247070312, 10.393698692321777, 10.420489311218262, 10.451003074645996, 10.481117248535156, 10.511669158935547, 10.543787956237793, inf, inf, 11.12055778503418, 11.003976821899414, 11.024662971496582, 11.044695854187012, 11.067188262939453, 11.090478897094727, 11.112503051757812, 11.134033203125, 11.158580780029297, 11.184343338012695, 11.20665168762207, 11.232352256774902, 11.258333206176758, 11.28587532043457, 11.314204216003418, 11.340267181396484, 11.370087623596191, 11.398913383483887, 11.42977237701416, 11.456978797912598, 11.489806175231934, 11.521931648254395, 11.554301261901855, 11.58735179901123, 11.622566223144531, 11.655622482299805, 11.691096305847168, 11.725752830505371, 11.76402473449707, 11.801953315734863, 11.839423179626465, 11.879149436950684, 11.92035961151123, 11.959075927734375, 12.001859664916992, 12.04317569732666, 12.084900856018066, 12.129888534545898, 12.175908088684082, 12.21949291229248, 12.264729499816895, 12.31224250793457, 12.360921859741211, 12.408653259277344, 12.460774421691895, 12.51092529296875, 12.563885688781738, 12.615301132202148, 12.667720794677734, inf, inf, inf, inf, inf, inf, 13.780304908752441, 13.691819190979004, 13.606518745422363, 13.521775245666504, 13.441213607788086, 13.36082649230957, 13.280125617980957, 13.200990676879883, 13.123656272888184, 13.052088737487793, 12.976897239685059, 12.903142929077148, 12.834782600402832, 12.764363288879395, 12.694731712341309, 12.626840591430664, 12.560887336730957, 12.496989250183105, 12.434967994689941, 12.37211799621582, 12.311062812805176, 12.251713752746582, 12.191665649414062, 12.132540702819824, 12.078489303588867, 4.83107328414917, 4.767679214477539, 4.704726696014404, 4.644345760345459, 4.585587501525879, 4.529989719390869, 4.4732794761657715, 4.418819904327393, 4.365023136138916, 4.314215183258057, 4.264275550842285, 4.216171741485596, 4.170302867889404, 4.122782230377197, 4.076366424560547, 4.053709983825684, 4.071783065795898, 4.087008476257324, 4.102901935577393, 4.122872829437256, 4.1400346755981445, 4.158196926116943, 4.176435470581055, 4.1958465576171875, 4.212998867034912, 4.2323479652404785, 4.254103660583496, 4.274257659912109, 4.294454097747803, 4.316242694854736, 4.3357319831848145, 4.358716011047363, 4.380423545837402, 4.402076244354248, 4.424712181091309, 4.449067115783691, 4.474183082580566, 4.496627330780029, 4.521759986877441, 4.547408103942871, 4.571016311645508, 4.599978446960449, 4.6253485679626465, 4.652984619140625, 4.680537223815918, 4.708136558532715, 4.738786697387695, 4.7636590003967285, 4.796209812164307, 4.827636241912842, 4.85695219039917, 4.892410755157471, 4.92238187789917, 4.95515775680542, 4.987412929534912, 10.16451644897461, 10.148101806640625, 10.131512641906738, 10.11523151397705, 10.098841667175293, 10.086103439331055, 10.072125434875488, 10.056779861450195, 10.043428421020508, 10.030232429504395, 10.01742935180664, 10.006734848022461, 9.99466323852539, 9.98253059387207, 9.972843170166016, 9.961990356445312, 9.955055236816406, 9.944117546081543, 9.93355941772461, 9.926372528076172, 9.92039966583252, 9.909639358520508, 9.903848648071289, 9.897482872009277, 9.891412734985352, 9.884024620056152, 9.878535270690918, 9.873696327209473, 9.940855026245117, inf, inf, inf, inf, inf, inf, inf, inf, inf, inf, inf, inf, inf, inf, 9.851266860961914, 9.853560447692871, 9.85627555847168, 9.859540939331055, 9.861934661865234, 9.866539001464844, 9.872005462646484, 9.876872062683105, 9.880314826965332, 9.887650489807129, 9.892291069030762, 9.901031494140625, 9.904163360595703, 9.913924217224121, 9.921184539794922, 9.930429458618164, 9.939812660217285, 9.948233604431152, 9.958639144897461, 9.967290878295898, 9.980274200439453, 9.988675117492676, 10.002267837524414, 10.014101028442383, 10.02480411529541, 10.037748336791992, 10.04966926574707, 10.063446998596191, 10.078740119934082, 6.702470302581787, 6.583417892456055, 6.5319437980651855, 6.498124599456787, 6.480595111846924, 6.464474678039551, 6.458734512329102, 6.461485862731934, 6.468838214874268, 6.485151767730713, 6.5085129737854, 6.542102336883545, 6.6002516746521, 10.329300880432129, 10.349762916564941, 10.374246597290039, 10.395731925964355, 10.416824340820312, 10.441130638122559, 10.468196868896484, 10.491561889648438, 10.51733112335205, 10.545171737670898, 10.56973648071289, 10.598212242126465, 10.627081871032715, 10.655157089233398, 10.683403015136719, 10.712869644165039, 10.744019508361816, inf, inf, inf, inf, inf, inf, inf, inf, inf, 7.3367486000061035, 7.28502893447876, 7.2706074714660645, 7.279411792755127, 7.314075469970703, 11.280673027038574, 11.324173927307129, 11.367104530334473, 11.408737182617188, 11.45228099822998, 11.498494148254395, 11.543203353881836, 11.589058876037598, 11.637505531311035, 11.685161590576172, 11.736372947692871, 11.787755966186523, 11.838186264038086, 11.89013385772705, 11.943260192871094, 11.997543334960938, 12.05291748046875, 12.109288215637207, 12.165587425231934, 12.224980354309082, 12.284690856933594, 12.346233367919922, 12.407444953918457, 12.46954345703125, 12.532837867736816, 12.599767684936523, 12.66531753540039, 12.73259162902832, 12.803086280822754, 12.872199058532715, 12.944294929504395, 13.018413543701172, 13.091821670532227, 13.167865753173828, 13.244173049926758, 13.32426643371582, 13.40469741821289, 13.486481666564941, inf, inf, inf, inf, inf]
intensities: [0.0, 0.0, 0.0, 0.0, 0.0, 0.0, 0.0, 0.0, 0.0, 0.0, 0.0, 0.0, 0.0, 0.0, 0.0, 0.0, 0.0, 0.0, 0.0, 0.0, 0.0, 0.0, 0.0, 0.0, 0.0, 0.0, 0.0, 0.0, 0.0, 0.0, 0.0, 0.0, 0.0, 0.0, 0.0, 0.0, 0.0, 0.0, 0.0, 0.0, 0.0, 0.0, 0.0, 0.0, 0.0, 0.0, 0.0, 0.0, 0.0, 0.0, 0.0, 0.0, 0.0, 0.0, 0.0, 0.0, 0.0, 0.0, 0.0, 0.0, 0.0, 0.0, 0.0, 0.0, 0.0, 0.0, 0.0, 0.0, 0.0, 0.0, 0.0, 0.0, 0.0, 0.0, 0.0, 0.0, 0.0, 0.0, 0.0, 0.0, 0.0, 0.0, 0.0, 0.0, 0.0, 0.0, 0.0, 0.0, 0.0, 0.0, 0.0, 0.0, 0.0, 0.0, 0.0, 0.0, 0.0, 0.0, 0.0, 0.0, 0.0, 0.0, 0.0, 0.0, 0.0, 0.0, 0.0, 0.0, 0.0, 0.0, 0.0, 0.0, 0.0, 0.0, 0.0, 0.0, 0.0, 0.0, 0.0, 0.0, 0.0, 0.0, 0.0, 0.0, 0.0, 0.0, 0.0, 0.0, 0.0, 0.0, 0.0, 0.0, 0.0, 0.0, 0.0, 0.0, 0.0, 0.0, 0.0, 0.0, 0.0, 0.0, 0.0, 0.0, 0.0, 0.0, 0.0, 0.0, 0.0, 0.0, 0.0, 0.0, 0.0, 0.0, 0.0, 0.0, 0.0, 0.0, 0.0, 0.0, 0.0, 0.0, 0.0, 0.0, 0.0, 0.0, 0.0, 0.0, 0.0, 0.0, 0.0, 0.0, 0.0, 0.0, 0.0, 0.0, 0.0, 0.0, 0.0, 0.0, 0.0, 0.0, 0.0, 0.0, 0.0, 0.0, 0.0, 0.0, 0.0, 0.0, 0.0, 0.0, 0.0, 0.0, 0.0, 0.0, 0.0, 0.0, 0.0, 0.0, 0.0, 0.0, 0.0, 0.0, 0.0, 0.0, 0.0, 0.0, 0.0, 0.0, 0.0, 0.0, 0.0, 0.0, 0.0, 0.0, 0.0, 0.0, 0.0, 0.0, 0.0, 0.0, 0.0, 0.0, 0.0, 0.0, 0.0, 0.0, 0.0, 0.0, 0.0, 0.0, 0.0, 0.0, 0.0, 0.0, 0.0, 0.0, 0.0, 0.0, 0.0, 0.0, 0.0, 0.0, 0.0, 0.0, 0.0, 0.0, 0.0, 0.0, 0.0, 0.0, 0.0, 0.0, 0.0, 0.0, 0.0, 0.0, 0.0, 0.0, 0.0, 0.0, 0.0, 0.0, 0.0, 0.0, 0.0, 0.0, 0.0, 0.0, 0.0, 0.0, 0.0, 0.0, 0.0, 0.0, 0.0, 0.0, 0.0, 0.0, 0.0, 0.0, 0.0, 0.0, 0.0, 0.0, 0.0, 0.0, 0.0, 0.0, 0.0, 0.0, 0.0, 0.0, 0.0, 0.0, 0.0, 0.0, 0.0, 0.0, 0.0, 0.0, 0.0, 0.0, 0.0, 0.0, 0.0, 0.0, 0.0, 0.0, 0.0, 0.0, 0.0, 0.0, 0.0, 0.0, 0.0, 0.0, 0.0, 0.0, 0.0, 0.0, 0.0, 0.0, 0.0, 0.0, 0.0, 0.0, 0.0, 0.0, 0.0, 0.0, 0.0, 0.0, 0.0, 0.0, 0.0, 0.0, 0.0, 0.0, 0.0, 0.0, 0.0, 0.0, 0.0, 0.0, 0.0, 0.0, 0.0, 0.0, 0.0, 0.0, 0.0, 0.0, 0.0, 0.0, 0.0, 0.0, 0.0, 0.0, 0.0, 0.0, 0.0, 0.0, 0.0, 0.0, 0.0, 0.0, 0.0, 0.0, 0.0, 0.0, 0.0, 0.0, 0.0, 0.0, 0.0, 0.0, 0.0, 0.0, 0.0, 0.0, 0.0, 0.0, 0.0, 0.0, 0.0, 0.0, 0.0, 0.0, 0.0, 0.0, 0.0, 0.0, 0.0, 0.0, 0.0, 0.0, 0.0, 0.0, 0.0, 0.0, 0.0, 0.0, 0.0, 0.0, 0.0, 0.0, 0.0, 0.0, 0.0, 0.0, 0.0, 0.0, 0.0, 0.0, 0.0, 0.0, 0.0, 0.0, 0.0, 0.0, 0.0, 0.0, 0.0, 0.0, 0.0, 0.0, 0.0, 0.0, 0.0, 0.0, 0.0, 0.0, 0.0, 0.0, 0.0, 0.0, 0.0, 0.0, 0.0, 0.0, 0.0, 0.0, 0.0, 0.0, 0.0, 0.0, 0.0, 0.0, 0.0, 0.0, 0.0, 0.0, 0.0, 0.0, 0.0, 0.0, 0.0, 0.0, 0.0, 0.0, 0.0, 0.0, 0.0, 0.0, 0.0, 0.0, 0.0, 0.0, 0.0, 0.0, 0.0, 0.0, 0.0, 0.0, 0.0, 0.0, 0.0, 0.0, 0.0, 0.0, 0.0, 0.0, 0.0, 0.0, 0.0, 0.0, 0.0, 0.0, 0.0, 0.0, 0.0, 0.0, 0.0, 0.0, 0.0, 0.0, 0.0, 0.0, 0.0, 0.0, 0.0, 0.0, 0.0, 0.0, 0.0, 0.0, 0.0, 0.0, 0.0, 0.0, 0.0, 0.0, 0.0, 0.0, 0.0, 0.0, 0.0, 0.0, 0.0, 0.0, 0.0, 0.0, 0.0, 0.0, 0.0, 0.0, 0.0, 0.0, 0.0, 0.0, 0.0, 0.0, 0.0, 0.0, 0.0, 0.0, 0.0, 0.0, 0.0, 0.0, 0.0, 0.0, 0.0, 0.0, 0.0, 0.0, 0.0, 0.0, 0.0, 0.0, 0.0, 0.0, 0.0, 0.0, 0.0, 0.0, 0.0, 0.0, 0.0, 0.0, 0.0, 0.0, 0.0, 0.0, 0.0, 0.0, 0.0, 0.0, 0.0, 0.0, 0.0, 0.0, 0.0, 0.0, 0.0, 0.0, 0.0, 0.0, 0.0, 0.0, 0.0, 0.0, 0.0, 0.0, 0.0, 0.0, 0.0, 0.0, 0.0, 0.0, 0.0, 0.0, 0.0, 0.0, 0.0, 0.0, 0.0, 0.0, 0.0, 0.0, 0.0, 0.0, 0.0, 0.0, 0.0, 0.0, 0.0, 0.0, 0.0, 0.0, 0.0, 0.0, 0.0, 0.0, 0.0, 0.0, 0.0, 0.0, 0.0, 0.0, 0.0, 0.0, 0.0, 0.0, 0.0, 0.0, 0.0, 0.0, 0.0, 0.0, 0.0, 0.0, 0.0, 0.0, 0.0, 0.0, 0.0, 0.0, 0.0, 0.0, 0.0, 0.0, 0.0, 0.0, 0.0, 0.0, 0.0, 0.0, 0.0, 0.0, 0.0, 0.0, 0.0, 0.0, 0.0, 0.0, 0.0, 0.0, 0.0, 0.0, 0.0, 0.0, 0.0, 0.0, 0.0, 0.0, 0.0, 0.0, 0.0, 0.0, 0.0, 0.0, 0.0, 0.0, 0.0, 0.0, 0.0, 0.0, 0.0, 0.0, 0.0, 0.0, 0.0, 0.0, 0.0, 0.0, 0.0, 0.0, 0.0, 0.0, 0.0, 0.0, 0.0, 0.0, 0.0, 0.0, 0.0, 0.0, 0.0, 0.0, 0.0, 0.0, 0.0, 0.0, 0.0, 0.0, 0.0, 0.0, 0.0, 0.0, 0.0, 0.0, 0.0, 0.0, 0.0, 0.0, 0.0, 0.0]
---
header: 
  seq: 133
  stamp: 
    secs: 1302
    nsecs: 900000000
  frame_id: "husky1_tf/front_laser"
angle_min: -2.3561899662017822
angle_max: 2.3561899662017822
angle_increment: 0.006554075051099062
time_increment: 0.0
scan_time: 0.0
range_min: 0.10000000149011612
range_max: 30.0
ranges: [1.7908451557159424, 1.7883856296539307, 1.78762948513031, 1.7909585237503052, 1.7878817319869995, 1.7890493869781494, 1.7888160943984985, 1.7900203466415405, 13.25279426574707, 13.177079200744629, 13.098036766052246, 13.025764465332031, 12.950447082519531, 12.881118774414062, 12.809232711791992, 12.740917205810547, 12.671195030212402, 12.606156349182129, 12.542258262634277, 12.476234436035156, 12.412577629089355, 12.353314399719238, 12.290779113769531, 12.22999095916748, 12.17403507232666, 12.115532875061035, 12.058123588562012, 12.002601623535156, 11.948253631591797, 11.893677711486816, 11.842565536499023, 11.791814804077148, 11.740843772888184, 11.693843841552734, 11.749044418334961, 11.87160587310791, inf, inf, inf, inf, inf, inf, inf, inf, inf, 11.163416862487793, 11.126381874084473, 11.089653968811035, 11.05044174194336, 11.014349937438965, 10.978181838989258, 10.943174362182617, 10.909797668457031, 10.873933792114258, 10.841464042663574, 10.809489250183105, 10.77734375, 10.744779586791992, 10.715156555175781, 10.686662673950195, 10.658061981201172, 10.629006385803223, 10.602282524108887, 10.57570743560791, 10.5466947555542, 10.520760536193848, 10.494085311889648, 10.469305992126465, 8.771251678466797, 8.76329517364502, 8.754399299621582, 8.746991157531738, 8.739236831665039, 8.73241138458252, 8.725322723388672, 8.717028617858887, 8.71328353881836, 8.70604419708252, 8.70114803314209, 8.698604583740234, 8.6964111328125, 8.688360214233398, 8.6866455078125, 8.681768417358398, 8.680368423461914, 8.677993774414062, 8.674748420715332, 8.674759864807129, 8.6728515625, 8.67098617553711, 8.671369552612305, 8.671279907226562, 8.670210838317871, 8.671015739440918, 9.990159034729004, 9.977370262145996, 9.969398498535156, 9.958196640014648, 9.949122428894043, 9.941465377807617, 9.931081771850586, inf, inf, inf, inf, inf, inf, inf, inf, inf, inf, inf, inf, inf, inf, 9.8552827835083, 9.85086441040039, 9.847829818725586, 9.846872329711914, 9.846728324890137, 9.844799995422363, 9.848275184631348, 9.84728717803955, 9.848543167114258, 9.849784851074219, 9.852814674377441, 9.854822158813477, 9.858369827270508, 9.86153507232666, 9.865646362304688, 9.868614196777344, 9.874435424804688, 9.878811836242676, 9.882430076599121, 9.890488624572754, 9.896074295043945, 9.903358459472656, 9.906665802001953, 9.918122291564941, 9.923638343811035, 9.932011604309082, 9.941814422607422, 9.949991226196289, 9.961286544799805, 9.969717025756836, 9.980875968933105, 9.991203308105469, 10.005708694458008, 10.016213417053223, 10.029950141906738, 10.041350364685059, 10.054673194885254, 10.069659233093262, 10.0833158493042, 10.099437713623047, 10.113225936889648, 10.128190040588379, 10.14552116394043, 10.163679122924805, 10.179732322692871, 10.197626113891602, 10.214980125427246, 10.233319282531738, 10.253945350646973, 10.273624420166016, 10.293800354003906, 10.31337833404541, 10.336338996887207, 10.358427047729492, 7.3850250244140625, 7.306994915008545, 7.261206150054932, 7.233398914337158, 7.217718601226807, 7.2091546058654785, 7.207262992858887, 7.220197677612305, 7.239024639129639, 7.26857852935791, 7.315454483032227, 7.419269561767578, inf, inf, inf, inf, inf, inf, 7.734228134155273, 7.674022674560547, 7.6406025886535645, 7.61858606338501, 7.607672214508057, 7.60991907119751, 7.617873191833496, 7.6334919929504395, 7.669180393218994, 7.720405101776123, 7.839730262756348, 11.294707298278809, 11.337573051452637, 11.3796968460083, 11.424314498901367, 11.465274810791016, 8.314591407775879, 8.191088676452637, 8.137462615966797, 8.110611915588379, 4.7974066734313965, 4.744176387786865, 4.718485355377197, 4.715316295623779, 4.714137077331543, 4.724750518798828, 4.747802257537842, 4.824352264404297, 12.128351211547852, 12.186439514160156, 12.24330997467041, 12.302567481994629, 12.367121696472168, 8.888253211975098, 8.82015609741211, 8.781245231628418, 8.760047912597656, 8.752989768981934, 8.75723648071289, 8.77344799041748, 8.808638572692871, 8.868370056152344, 13.042490005493164, 13.11842155456543, 13.194482803344727, 13.271981239318848, 13.35279369354248, 13.432123184204102, inf, 8.476116180419922, 8.376482009887695, 8.327812194824219, 8.298080444335938, 8.28262710571289, 8.281523704528809, 8.28941535949707, 8.307296752929688, 8.339804649353027, 8.396570205688477, 12.26708698272705, 12.21070671081543, 12.155435562133789, 12.101068496704102, 7.894794940948486, 7.754496097564697, 7.700575828552246, 7.667696952819824, 7.6467204093933105, 7.641602039337158, 7.640028476715088, 7.649324893951416, 7.672163963317871, 7.706791400909424, 7.764406681060791, 11.52396297454834, 11.483413696289062, 11.443948745727539, 11.402459144592285, 11.362518310546875, 11.320935249328613, 7.264090061187744, 7.181987762451172, 7.140864372253418, 7.114392280578613, 7.094468593597412, 7.087503910064697, 7.089405536651611, 7.094907760620117, 7.1152849197387695, 7.142946243286133, 7.185492515563965, 7.273540496826172, 10.87537956237793, 10.8458833694458, 10.816709518432617, 10.790595054626465, 10.763687133789062, 10.733165740966797, 10.708565711975098, 10.893219947814941, inf, inf, inf, inf, inf, inf, inf, inf, 10.539491653442383, 10.496393203735352, 10.452502250671387, 10.411412239074707, 10.368483543395996, 10.32870101928711, 10.28719711303711, 10.247554779052734, 10.211420059204102, 10.17071533203125, 10.132503509521484, 10.097884178161621, 10.061461448669434, 10.02631950378418, 9.992384910583496, 9.958569526672363, 9.926480293273926, 9.89522647857666, 9.861833572387695, 9.82955265045166, 9.799111366271973, 9.769997596740723, 9.740784645080566, 9.710678100585938, 9.684288024902344, 9.657110214233398, 9.629161834716797, 9.602239608764648, 9.575047492980957, 9.548585891723633, 9.525796890258789, 9.500224113464355, 9.478191375732422, 9.454129219055176, 9.42887020111084, 9.408642768859863, 9.38861083984375, 9.365513801574707, 9.344700813293457, 9.324501037597656, 9.304668426513672, 9.286316871643066, 9.267073631286621, 9.248032569885254, 9.22910213470459, 9.211318016052246, 9.194999694824219, 9.179837226867676, 9.16319465637207, 9.14846420288086, 9.131988525390625, 9.116689682006836, 9.10236644744873, 9.089061737060547, 9.0766019821167, 9.065074920654297, 9.049958229064941, 9.036317825317383, 9.023526191711426, 9.195707321166992, inf, inf, inf, 6.598525047302246, 6.3897199630737305, 6.381293773651123, 6.594521999359131, inf, inf, 9.605088233947754, 9.607638359069824, 9.610479354858398, 9.611954689025879, 9.616304397583008, 9.622091293334961, 9.628417015075684, 9.631689071655273, 9.637554168701172, 9.645145416259766, 9.650062561035156, 9.65787124633789, 9.666285514831543, 9.6708402633667, 9.680583000183105, 9.690387725830078, 9.699131965637207, 9.708822250366211, 9.719289779663086, 9.727295875549316, 9.739455223083496, 9.750569343566895, 9.762147903442383, 9.774182319641113, 9.786226272583008, 9.801437377929688, 9.814047813415527, 9.827902793884277, 9.842398643493652, 9.855542182922363, 9.872193336486816, 9.887411117553711, 9.905556678771973, 9.92072582244873, 9.939709663391113, 9.957426071166992, 9.974191665649414, 9.993087768554688, 10.012685775756836, 10.03198528289795, 10.053934097290039, 7.891427993774414, 7.866761684417725, 7.867616176605225, 7.897609710693359, 10.159856796264648, 10.18557357788086, 10.208945274353027, 10.234198570251465, 10.259223937988281, 10.285130500793457, 10.311453819274902, 10.338420867919922, 10.365622520446777, 10.39267635345459, 10.421011924743652, 10.451677322387695, 10.480439186096191, 10.510564804077148, 10.542553901672363, inf, inf, 11.121062278747559, 11.00284194946289, 11.024725914001465, 11.04519271850586, 11.06742000579834, 11.089110374450684, 11.112178802490234, 11.135102272033691, 11.156637191772461, 11.184307098388672, 11.20771598815918, 11.232111930847168, 11.258583068847656, 11.287846565246582, 11.31185531616211, 11.34144401550293, 11.368593215942383, 11.398279190063477, 11.427604675292969, 11.458415985107422, 11.490518569946289, 11.521553039550781, 11.554624557495117, 11.590094566345215, 11.622000694274902, 11.654787063598633, 11.692595481872559, 11.729279518127441, 11.763731002807617, 11.801355361938477, 11.839037895202637, 11.877169609069824, 11.917490005493164, 11.959260940551758, 12.000738143920898, 12.0421724319458, 12.087098121643066, 12.127963066101074, 12.174138069152832, 12.220093727111816, 12.267363548278809, 12.312301635742188, 12.359747886657715, 12.410358428955078, 12.460136413574219, 12.510483741760254, 12.562687873840332, 12.6151123046875, 12.670614242553711, inf, inf, inf, inf, inf, inf, 13.782127380371094, 13.69318962097168, 13.60746955871582, 13.5225830078125, 13.439584732055664, 13.357781410217285, 13.279449462890625, 13.19930362701416, 13.126243591308594, 13.050300598144531, 12.975800514221191, 12.904525756835938, 12.834156036376953, 12.7628173828125, 12.695635795593262, 12.628703117370605, 12.561975479125977, 12.49661636352539, 12.434905052185059, 12.37177562713623, 12.309005737304688, 12.249334335327148, 12.193635940551758, 12.1346435546875, 12.078116416931152, 4.8308610916137695, 4.7664713859558105, 4.705475807189941, 4.64478874206543, 4.585110664367676, 4.5287909507751465, 4.47267484664917, 4.418198108673096, 4.365464687347412, 4.31381368637085, 4.264746189117432, 4.216328144073486, 4.170931816101074, 4.122542381286621, 4.07694673538208, 4.056387901306152, 4.071360111236572, 4.0890936851501465, 4.103785991668701, 4.121423721313477, 4.139068603515625, 4.159262180328369, 4.175713539123535, 4.194538116455078, 4.21314001083374, 4.23347806930542, 4.254970550537109, 4.275209903717041, 4.2953877449035645, 4.315158843994141, 4.337190628051758, 4.358686447143555, 4.3810625076293945, 4.402027606964111, 4.426347732543945, 4.448739528656006, 4.472163677215576, 4.496835231781006, 4.520690441131592, 4.548358917236328, 4.572341442108154, 4.598947048187256, 4.624960899353027, 4.651885986328125, 4.680713176727295, 4.7080278396606445, 4.7373456954956055, 4.769053936004639, 4.7956366539001465, 4.824798583984375, 4.8577880859375, 4.890434265136719, 4.9231085777282715, 4.955447673797607, 4.989460468292236, 10.163744926452637, 10.147316932678223, 10.130254745483398, 10.114752769470215, 10.099964141845703, 10.083115577697754, 10.070735931396484, 10.055275917053223, 10.043639183044434, 10.030805587768555, 10.017793655395508, 10.005438804626465, 9.994338035583496, 9.984128952026367, 9.974607467651367, 9.96298885345459, 9.952376365661621, 9.94266128540039, 9.934982299804688, 9.927109718322754, 9.91810131072998, 9.909123420715332, 9.904675483703613, 9.896239280700684, 9.889711380004883, 9.882533073425293, 9.879302024841309, 9.875349998474121, 9.944710731506348, inf, inf, inf, inf, inf, inf, inf, inf, inf, inf, inf, inf, inf, inf, 9.852062225341797, 9.85521125793457, 9.856154441833496, 9.859712600708008, 9.863106727600098, 9.86786937713623, 9.871092796325684, 9.873638153076172, 9.880264282226562, 9.886152267456055, 9.894881248474121, 9.899893760681152, 9.90495777130127, 9.91327953338623, 9.92204761505127, 9.93034553527832, 9.938833236694336, 9.949406623840332, 9.958244323730469, 9.966424942016602, 9.977126121520996, 9.989134788513184, 10.000961303710938, 10.01297378540039, 10.024413108825684, 10.037126541137695, 10.050822257995605, 10.063343048095703, 10.079323768615723, 6.70300817489624, 6.584532737731934, 6.531039237976074, 6.497200012207031, 6.4799065589904785, 6.464463233947754, 6.46000862121582, 6.459912300109863, 6.468388080596924, 6.48615837097168, 6.508450984954834, 6.540793418884277, 6.599698543548584, 10.329567909240723, 10.350423812866211, 10.373035430908203, 10.395273208618164, 10.418984413146973, 10.443239212036133, 10.468011856079102, 10.491127014160156, 10.517570495605469, 10.543008804321289, 10.570819854736328, 10.598650932312012, 10.625311851501465, 10.654792785644531, 10.682254791259766, 10.712424278259277, 10.742860794067383, inf, inf, inf, inf, inf, inf, inf, inf, inf, 7.336337566375732, 7.285788059234619, 7.26846170425415, 7.2802581787109375, 7.314287185668945, 11.280820846557617, 11.322074890136719, 11.364004135131836, 11.40831184387207, 11.452674865722656, 11.498282432556152, 11.544378280639648, 11.592133522033691, 11.636992454528809, 11.68857479095459, 11.73705768585205, 11.784978866577148, 11.838104248046875, 11.890341758728027, 11.943071365356445, 11.99970817565918, 12.053872108459473, 12.110154151916504, 12.166091918945312, 12.22493839263916, 12.28438663482666, 12.34573745727539, 12.409107208251953, 12.470074653625488, 12.534842491149902, 12.59971809387207, 12.66634750366211, 12.73210334777832, 12.800292015075684, 12.871298789978027, 12.944835662841797, 13.017325401306152, 13.092105865478516, 13.169876098632812, 13.245901107788086, 13.324361801147461, 13.403573036193848, 13.486857414245605, inf, inf, inf, inf, inf]
intensities: [0.0, 0.0, 0.0, 0.0, 0.0, 0.0, 0.0, 0.0, 0.0, 0.0, 0.0, 0.0, 0.0, 0.0, 0.0, 0.0, 0.0, 0.0, 0.0, 0.0, 0.0, 0.0, 0.0, 0.0, 0.0, 0.0, 0.0, 0.0, 0.0, 0.0, 0.0, 0.0, 0.0, 0.0, 0.0, 0.0, 0.0, 0.0, 0.0, 0.0, 0.0, 0.0, 0.0, 0.0, 0.0, 0.0, 0.0, 0.0, 0.0, 0.0, 0.0, 0.0, 0.0, 0.0, 0.0, 0.0, 0.0, 0.0, 0.0, 0.0, 0.0, 0.0, 0.0, 0.0, 0.0, 0.0, 0.0, 0.0, 0.0, 0.0, 0.0, 0.0, 0.0, 0.0, 0.0, 0.0, 0.0, 0.0, 0.0, 0.0, 0.0, 0.0, 0.0, 0.0, 0.0, 0.0, 0.0, 0.0, 0.0, 0.0, 0.0, 0.0, 0.0, 0.0, 0.0, 0.0, 0.0, 0.0, 0.0, 0.0, 0.0, 0.0, 0.0, 0.0, 0.0, 0.0, 0.0, 0.0, 0.0, 0.0, 0.0, 0.0, 0.0, 0.0, 0.0, 0.0, 0.0, 0.0, 0.0, 0.0, 0.0, 0.0, 0.0, 0.0, 0.0, 0.0, 0.0, 0.0, 0.0, 0.0, 0.0, 0.0, 0.0, 0.0, 0.0, 0.0, 0.0, 0.0, 0.0, 0.0, 0.0, 0.0, 0.0, 0.0, 0.0, 0.0, 0.0, 0.0, 0.0, 0.0, 0.0, 0.0, 0.0, 0.0, 0.0, 0.0, 0.0, 0.0, 0.0, 0.0, 0.0, 0.0, 0.0, 0.0, 0.0, 0.0, 0.0, 0.0, 0.0, 0.0, 0.0, 0.0, 0.0, 0.0, 0.0, 0.0, 0.0, 0.0, 0.0, 0.0, 0.0, 0.0, 0.0, 0.0, 0.0, 0.0, 0.0, 0.0, 0.0, 0.0, 0.0, 0.0, 0.0, 0.0, 0.0, 0.0, 0.0, 0.0, 0.0, 0.0, 0.0, 0.0, 0.0, 0.0, 0.0, 0.0, 0.0, 0.0, 0.0, 0.0, 0.0, 0.0, 0.0, 0.0, 0.0, 0.0, 0.0, 0.0, 0.0, 0.0, 0.0, 0.0, 0.0, 0.0, 0.0, 0.0, 0.0, 0.0, 0.0, 0.0, 0.0, 0.0, 0.0, 0.0, 0.0, 0.0, 0.0, 0.0, 0.0, 0.0, 0.0, 0.0, 0.0, 0.0, 0.0, 0.0, 0.0, 0.0, 0.0, 0.0, 0.0, 0.0, 0.0, 0.0, 0.0, 0.0, 0.0, 0.0, 0.0, 0.0, 0.0, 0.0, 0.0, 0.0, 0.0, 0.0, 0.0, 0.0, 0.0, 0.0, 0.0, 0.0, 0.0, 0.0, 0.0, 0.0, 0.0, 0.0, 0.0, 0.0, 0.0, 0.0, 0.0, 0.0, 0.0, 0.0, 0.0, 0.0, 0.0, 0.0, 0.0, 0.0, 0.0, 0.0, 0.0, 0.0, 0.0, 0.0, 0.0, 0.0, 0.0, 0.0, 0.0, 0.0, 0.0, 0.0, 0.0, 0.0, 0.0, 0.0, 0.0, 0.0, 0.0, 0.0, 0.0, 0.0, 0.0, 0.0, 0.0, 0.0, 0.0, 0.0, 0.0, 0.0, 0.0, 0.0, 0.0, 0.0, 0.0, 0.0, 0.0, 0.0, 0.0, 0.0, 0.0, 0.0, 0.0, 0.0, 0.0, 0.0, 0.0, 0.0, 0.0, 0.0, 0.0, 0.0, 0.0, 0.0, 0.0, 0.0, 0.0, 0.0, 0.0, 0.0, 0.0, 0.0, 0.0, 0.0, 0.0, 0.0, 0.0, 0.0, 0.0, 0.0, 0.0, 0.0, 0.0, 0.0, 0.0, 0.0, 0.0, 0.0, 0.0, 0.0, 0.0, 0.0, 0.0, 0.0, 0.0, 0.0, 0.0, 0.0, 0.0, 0.0, 0.0, 0.0, 0.0, 0.0, 0.0, 0.0, 0.0, 0.0, 0.0, 0.0, 0.0, 0.0, 0.0, 0.0, 0.0, 0.0, 0.0, 0.0, 0.0, 0.0, 0.0, 0.0, 0.0, 0.0, 0.0, 0.0, 0.0, 0.0, 0.0, 0.0, 0.0, 0.0, 0.0, 0.0, 0.0, 0.0, 0.0, 0.0, 0.0, 0.0, 0.0, 0.0, 0.0, 0.0, 0.0, 0.0, 0.0, 0.0, 0.0, 0.0, 0.0, 0.0, 0.0, 0.0, 0.0, 0.0, 0.0, 0.0, 0.0, 0.0, 0.0, 0.0, 0.0, 0.0, 0.0, 0.0, 0.0, 0.0, 0.0, 0.0, 0.0, 0.0, 0.0, 0.0, 0.0, 0.0, 0.0, 0.0, 0.0, 0.0, 0.0, 0.0, 0.0, 0.0, 0.0, 0.0, 0.0, 0.0, 0.0, 0.0, 0.0, 0.0, 0.0, 0.0, 0.0, 0.0, 0.0, 0.0, 0.0, 0.0, 0.0, 0.0, 0.0, 0.0, 0.0, 0.0, 0.0, 0.0, 0.0, 0.0, 0.0, 0.0, 0.0, 0.0, 0.0, 0.0, 0.0, 0.0, 0.0, 0.0, 0.0, 0.0, 0.0, 0.0, 0.0, 0.0, 0.0, 0.0, 0.0, 0.0, 0.0, 0.0, 0.0, 0.0, 0.0, 0.0, 0.0, 0.0, 0.0, 0.0, 0.0, 0.0, 0.0, 0.0, 0.0, 0.0, 0.0, 0.0, 0.0, 0.0, 0.0, 0.0, 0.0, 0.0, 0.0, 0.0, 0.0, 0.0, 0.0, 0.0, 0.0, 0.0, 0.0, 0.0, 0.0, 0.0, 0.0, 0.0, 0.0, 0.0, 0.0, 0.0, 0.0, 0.0, 0.0, 0.0, 0.0, 0.0, 0.0, 0.0, 0.0, 0.0, 0.0, 0.0, 0.0, 0.0, 0.0, 0.0, 0.0, 0.0, 0.0, 0.0, 0.0, 0.0, 0.0, 0.0, 0.0, 0.0, 0.0, 0.0, 0.0, 0.0, 0.0, 0.0, 0.0, 0.0, 0.0, 0.0, 0.0, 0.0, 0.0, 0.0, 0.0, 0.0, 0.0, 0.0, 0.0, 0.0, 0.0, 0.0, 0.0, 0.0, 0.0, 0.0, 0.0, 0.0, 0.0, 0.0, 0.0, 0.0, 0.0, 0.0, 0.0, 0.0, 0.0, 0.0, 0.0, 0.0, 0.0, 0.0, 0.0, 0.0, 0.0, 0.0, 0.0, 0.0, 0.0, 0.0, 0.0, 0.0, 0.0, 0.0, 0.0, 0.0, 0.0, 0.0, 0.0, 0.0, 0.0, 0.0, 0.0, 0.0, 0.0, 0.0, 0.0, 0.0, 0.0, 0.0, 0.0, 0.0, 0.0, 0.0, 0.0, 0.0, 0.0, 0.0, 0.0, 0.0, 0.0, 0.0, 0.0, 0.0, 0.0, 0.0, 0.0, 0.0, 0.0, 0.0, 0.0, 0.0, 0.0, 0.0, 0.0, 0.0, 0.0, 0.0, 0.0, 0.0, 0.0, 0.0, 0.0, 0.0, 0.0, 0.0, 0.0, 0.0, 0.0, 0.0, 0.0, 0.0, 0.0, 0.0, 0.0, 0.0, 0.0, 0.0, 0.0, 0.0, 0.0, 0.0, 0.0, 0.0, 0.0, 0.0, 0.0, 0.0, 0.0, 0.0, 0.0, 0.0, 0.0, 0.0, 0.0, 0.0, 0.0, 0.0]
---
